"","sub","KTEA_Raw","fit","lwr","upr","CI_Group"
"1",4002,89,89.1811008473487,84.2379655400635,94.124236154634,"EGC"
"2",4013,89,83.6404541998763,81.3863107863791,85.8945976133736,"UGC"
"3",4014,90,89.2726090077867,83.9494523696378,94.5957656459357,"EGC"
"4",4016,78,67.500786122484,64.1027224142731,70.8988498306948,"UGC"
"5",4021,80,73.8879537834109,67.3972521803822,80.3786553864397,"EGC"
"6",4022,72,68.6511652282197,63.6653974310643,73.6369330253752,"EGC"
"8",4030,80,73.3015249428299,71.3429417775303,75.2601081081296,"UGC"
"9",4034,86,82.8895019852498,78.7789041453485,87.0000998251511,"EGC"
"10",4037,67,68.4124848346983,66.6794772722423,70.1454923971543,"EGC"
"11",4038,86,86.7733785145465,83.2687419003418,90.2780151287512,"EGC"
"12",4039,88,85.4682562222697,82.0194206115652,88.9170918329743,"EGC"
"13",4040,83,78.9165906179605,75.760628612801,82.0725526231201,"UGC"
"14",4041,85,78.2805363361531,71.9850643852057,84.5760082871004,"UGC"
"15",4059,83,80.3025639770185,78.1534866953954,82.4516412586416,"UGC"
"16",4060,85,79.7641935933389,76.5679497504757,82.960437436202,"UGC"
"17",4062,85,83.1156046702417,80.2377644595213,85.9934448809621,"EGC"
"18",4065,85,82.3306554079973,79.4455472351454,85.2157635808491,"EGC"
"19",4068,85,84.6481235044139,81.329366201728,87.9668808070997,"EGC"
"20",4071,81,75.8941964147307,73.6179091992189,78.1704836302425,"UGC"
"21",4076,78,74.6688790227799,72.4979777714155,76.8397802741444,"UGC"
"22",4081,88,85.3249191469695,82.6936471019815,87.9561911919575,"UGC"
"23",4092,78,75.4245267125798,69.3660425345753,81.4830108905843,"EGC"
"24",4093,83,84.6256862782466,81.2937999174689,87.9575726390242,"EGC"
"25",4104,90,77.7712727867238,74.7549195628933,80.7876260105542,"UGC"
"26",4107,80,76.3213458956197,74.442345409287,78.2003463819525,"UGC"
"27",4108,75,77.0820532588896,74.0915637983485,80.0725427194306,"EGC"
"28",4110,78,83.5505720034544,81.0547502063929,86.0463938005159,"UPC"
"29",4121,78,81.0889237970659,79.1735861191694,83.0042614749625,"UPC"
"30",4122,81,81.9800333825369,76.9151629271938,87.0449038378801,"EGC"
"31",4124,69,74.1504360648523,70.7593344916004,77.5415376381043,"UPC"
"33",4134,76,76.0015704690268,73.9973160509191,78.0058248871344,"EGC"
"34",4143,78,79.8368369615018,77.990012683816,81.6836612391877,"EGC"
"35",4144,83,80.9819088448603,79.0451616499799,82.9186560397407,"UGC"
"36",4148,81,81.6024060033978,79.0883923946489,84.1164196121468,"EGC"
"37",4155,75,67.9528345056024,66.2684278643296,69.6372411468751,"UGC"
"38",4156,80,77.3388459984726,75.8149594294118,78.8627325675334,"UGC"
"39",4158,80,75.9442719405379,72.8796397557483,79.0089041253275,"UGC"
"40",4004,81,79.8798703983884,73.6334246638905,86.1263161328864,"EGC"
"41",4007,86,77.0701715919859,73.8129341769349,80.3274090070368,"UGC"
"42",4047,76,69.658186194225,64.779030778885,74.537341609565,"UGC"
"43",4064,80,78.5649039831551,75.4199124392414,81.7098955270687,"EGC"
"44",4082,88,78.5365422517916,75.4192482638857,81.6538362396975,"UGC"
"45",4083,71,77.8733648085745,74.6742505241305,81.0724790930185,"UPC"
"46",4109,85,80.7080866761753,76.0264068938685,85.3897664584821,"EGC"
"47",4119,75,75.6341018949515,73.3773503737588,77.8908534161442,"EGC"
"48",4130,69,53.9446733256227,50.631887039458,57.2574596117875,"UGC"
"50",4163,83,86.6164419050401,82.0616587191262,91.171225090954,"EGC"
"51",4009,67,77.6484503062584,75.3827686609224,79.9141319515944,"UPC"
"53",4036,63,56.9648173154865,53.6568427900713,60.2727918409017,"UGC"
"54",4042,66,70.6849134637478,64.4562504198056,76.91357650769,"EGC"
"55",4045,53,54.6059421727869,49.0351250959363,60.1767592496374,"EGC"
"56",4075,59,67.0259121801519,63.6775242974777,70.3743000628261,"UPC"
"57",4078,55,61.7126204000297,57.8343853521091,65.5908554479502,"UPC"
"58",4085,65,62.1944288615523,60.1429131531543,64.2459445699503,"UGC"
"59",4114,64,69.2045775812185,66.4621428128877,71.9470123495492,"UPC"
"60",4123,64,70.6326852104103,66.6280516746106,74.63731874621,"UPC"
"61",4126,73,73.1359678678509,66.8823988677598,79.3895368679421,"EGC"
"62",4142,67,79.0400951101328,75.4238277634779,82.6563624567877,"UPC"
"63",4157,42,46.2127933676147,40.1291030228611,52.2964837123683,"EGC"
"64",4162,73,82.1622578000133,80.1613141163408,84.1632014836859,"UPC"
"65",4048,64,69.8294927479983,67.0643140945152,72.5946714014814,"UPC"
"66",4050,62,70.5691930116373,68.2883018064637,72.8500842168108,"UPC"
"68",4052,60,65.9769573476769,63.7810117803492,68.1729029150047,"UPC"
"69",4056,67,66.7971309390014,62.8497547448523,70.7445071331504,"EGC"
"70",4057,69,74.8072912754396,72.4772312004676,77.1373513504117,"UPC"
"71",4084,65,78.1939469355966,75.4523493114557,80.9355445597376,"UPC"
"72",4088,55,62.5642838492067,58.3061562465026,66.8224114519109,"UPC"
"73",4090,69,70.5073699224013,67.4323495103722,73.5823903344303,"EGC"
"74",4091,63,61.1337309502469,56.8637581447315,65.4037037557623,"EGC"
"76",4128,59,74.3696174030083,71.0994728410931,77.6397619649235,"UPC"
"77",4132,63,60.5870208261731,54.6273941320299,66.5466475203163,"EGC"
"79",4151,62,62.1934903294332,57.0451159701826,67.3418646886838,"EGC"
"80",4159,59,61.5157465228658,56.9666304246268,66.0648626211048,"EGC"
"82",4012,57,58.0417784294877,49.3587041050606,66.7248527539149,"EGC"
"83",4023,60,61.947078182262,54.123451450984,69.7707049135399,"EGC"
"84",4025,57,51.7351055179506,47.3747064746295,56.0955045612717,"UGC"
"85",4026,73,61.8796294177782,57.7547300752047,66.0045287603518,"UGC"
"86",4044,80,77.4828795989579,73.5683407094755,81.3974184884402,"EGC"
"87",4055,44,57.2774488424093,54.556508472733,59.9983892120855,"UPC"
